00000000000000000000000000100000
00100000000000010000000000000001
00000000000000000000000000100000
00000000001000010001000000100000
00000000000000000000000000100000
00100000011000110000000000000001
00000000000000000000000000100000
00100000100001000000000000000011
00000000000000000000000000100000
00000000010000110000000000011000
00000000000000000000000000100000
00000000000000000010100000010010
00000000000000000000000000100000
00100000000000000000000000000001
00000000000000000000000000100000
00000000000001010011000001000000
00000000000000000000000000100000
00000000000001100011100010000010
00000000000000000000000000100000
00000000000000010100000100000011
00000000000000000000000000100000
00000001000000010100100000100010
00000000000000000000000000100000
00111100000010101010110010111101
